-0.102739
-0.016523
-0.111920
0.077996
0.003723
0.010372
-0.035351
-0.090609
-0.100025
-0.034479
-0.035459
-0.086224
0.077536
-0.046400
-0.154777
0.002638
0.035554
-0.194449
-0.026920
-0.099770
-0.387491
-0.044660
-0.185987
-0.010736
-0.080003
-0.015660
-0.186012
-0.092934
-0.024154
-0.073766
-0.027632
-0.105483
-0.151962
-0.251050
0.036364
-0.052181
-0.114755
0.027990
-0.119142
-0.059763
-0.049193
-0.124158
0.003647
-0.105330
-0.012524
0.054572
-0.084174
-0.091436
-0.006734
0.055773
-0.157677
0.069234
-0.086565
0.022157
0.040545
-0.152831
-0.125801
-0.208904
-0.136468
-0.024929
-0.058925
-0.070408
-0.073387
-0.161974
