0.095148
0.355817
-0.163414
-0.201738
0.032939
0.108481
0.076649
-0.271803
-0.089443
-0.072257
-0.140200
0.058992
0.188501
-0.092269
-0.075020
0.095760
-0.101560
-0.081939
0.099278
0.067362
-0.060382
-0.033587
0.053110
-0.119002
-0.067901
-0.033948
0.221756
0.568580
-0.364468
0.124473
0.202508
-0.151417
-0.010390
0.503770
0.001303
-0.234482
0.032305
0.189324
0.017229
-0.222754
-0.191754
0.098897
-0.026290
0.202372
0.067891
0.028934
-0.079064
0.088984
-0.213495
-0.192163
0.213082
0.113336
0.063697
0.041153
-0.039620
0.243889
0.232321
-0.054195
-0.149755
0.090401
-0.109638
0.002180
0.074931
0.200851
0.185772
0.224236
0.122652
0.009889
-0.020092
-0.043603
-0.046135
-0.227965
-0.065496
0.110137
-0.007030
0.234421
0.001691
-0.133975
-0.225684
0.126263
-0.077542
-0.018294
0.149048
-0.020382
0.086243
0.135704
0.046826
0.274491
0.073786
-0.155912
-0.333984
-0.370012
-0.017033
0.199178
-0.075053
0.341676
-0.044198
0.002516
-0.002823
0.129014
0.016535
0.077368
0.137034
0.002921
-0.038978
-0.012411
0.140123
-0.090588
0.014499
0.073192
-0.076069
0.122961
-0.174746
0.142205
-0.098685
-0.231484
0.170287
0.052812
-0.018456
0.155838
0.137197
0.186647
-0.177971
0.109554
-0.109349
0.128968
0.042284
0.258286
-0.066233
0.086321
0.059790
0.099401
-0.034478
-0.127379
0.159082
-0.090361
0.017113
0.045588
-0.046050
-0.205786
0.090806
0.144842
-0.147240
-0.044528
0.149107
0.508045
-0.001024
-0.182768
0.244034
0.041871
0.075362
-0.058298
0.202023
0.234313
-0.249745
0.196179
0.149173
0.224485
-0.021131
0.127438
0.099511
-0.085589
-0.014103
-0.273046
0.123349
0.010756
-0.020878
-0.068177
-0.004395
0.113506
0.020454
-0.057856
-0.001978
-0.111346
0.194551
0.054388
0.075583
-0.179831
0.052649
0.206292
0.063447
0.075684
0.133218
-0.220791
0.220738
-0.004916
0.506917
0.453771
-0.320048
0.128856
-0.019770
0.062443
-0.111394
0.192251
0.121883
-0.105778
-0.036037
0.118277
-0.169468
-0.109771
-0.078957
0.044726
0.080420
0.064476
0.047421
0.012752
0.245375
0.081908
-0.009867
-0.262334
0.070733
0.246418
0.248630
-0.018372
-0.025096
0.424170
0.129811
-0.134745
0.186134
-0.275592
0.104367
0.181818
0.034775
0.283632
-0.095795
0.362960
0.042598
0.242805
-0.006644
0.171686
0.147039
-0.156202
-0.181715
-0.051772
0.057529
0.225644
-0.156117
0.077614
0.405224
-0.052086
0.132900
-0.210757
0.068815
-0.054561
0.201894
0.129097
0.027978
0.308156
-0.113819
0.170627
0.053372
-0.249087
0.361901
0.190144
0.073295
-0.088069
-0.000286
0.381943
0.037358
0.273673
0.065411
-0.065475
0.113716
-0.471831
-0.135047
0.125381
0.173689
-0.267628
0.146584
0.202376
0.171390
0.017725
0.061703
0.132146
-0.129994
-0.166161
-0.036954
0.006307
0.132106
-0.093543
-0.156019
0.357940
-0.087553
0.004032
0.437198
0.284846
-0.000058
-0.130446
0.090346
0.284953
0.194007
0.087221
0.074591
0.079554
0.180713
-0.452558
0.067859
0.016159
0.018936
-0.193471
0.074030
0.300519
0.201662
-0.009865
0.235556
0.429072
-0.120278
-0.166219
0.001568
0.086423
0.102140
-0.346033
-0.096015
0.119623
-0.318879
0.061795
0.356584
0.245586
0.069723
0.084628
0.051098
-0.435716
0.139196
0.119674
-0.010088
0.129086
0.104471
0.343816
-0.062985
-0.018412
0.166100
-0.150786
0.076604
0.055837
0.099214
0.072026
0.118191
-0.108566
0.075602
-0.008909
0.070453
0.232706
0.104394
-0.125194
0.426196
0.004429
-0.016301
0.364185
0.146588
0.050063
0.213450
0.187878
0.129919
-0.105304
0.071842
0.348733
-0.038257
0.107491
0.063452
0.252981
-0.161972
0.065938
0.231659
-0.108504
-0.006270
0.261557
0.099221
-0.058930
0.164917
-0.104629
-0.003418
0.456808
-0.040755
0.057781
-0.117466
0.564518
-0.071098
0.209904
0.561982
0.063177
0.720938
-0.072726
-0.010215
0.018027
0.124112
0.078309
0.136103
0.359876
0.002680
0.119343
0.074820
0.236933
-0.089571
0.175506
0.209804
0.289449
0.000046
0.201296
0.208095
0.083521
0.065601
-0.162412
-0.011269
0.164103
0.024512
0.079108
0.017555
0.099021
-0.320091
0.176020
0.252481
-0.282894
0.122770
0.141354
0.151997
-0.201907
0.083172
-0.090810
0.098073
-0.026499
0.033536
0.061582
0.017361
0.219433
0.027722
0.062382
0.275244
0.188607
0.033692
0.134986
0.200799
-0.048085
-0.015698
0.107712
-0.049664
0.026738
0.056702
0.143472
-0.035738
-0.271155
-0.108077
-0.090391
0.026446
0.011781
-0.037943
0.060120
-0.075313
-0.148090
-0.058698
0.121959
0.002828
-0.000197
0.115693
-0.058812
0.056755
0.167258
0.271702
0.009465
0.253118
0.058832
0.036738
0.154426
0.181949
0.205540
0.251863
0.467856
0.110729
-0.181659
0.075285
-0.034193
-0.095920
-0.268179
0.176133
-0.087789
-0.333116
0.027880
-0.071354
0.173122
0.049384
0.142504
0.231117
-0.260392
0.037210
0.376926
0.057011
0.154650
-0.109303
0.140662
-0.140284
-0.142355
0.154491
-0.284919
-0.081433
0.048563
-0.155555
0.026881
0.097592
-0.309428
0.125553
-0.185374
0.030109
-0.109080
-0.006641
0.012373
0.333403
0.230870
-0.255527
0.153833
0.284989
-0.133799
-0.041690
0.173955
-0.061597
-0.347628
0.189476
0.181702
0.134421
0.116913
-0.078840
0.188660
0.070485
0.119883
-0.008002
0.027038
-0.007215
0.137414
-0.091266
-0.032054
0.078440
-0.275962
-0.038121
0.249564
0.059013
0.045303
-0.053358
0.652440
0.158079
0.060787
0.205853
0.295997
0.212608
-0.113588
-0.008094
0.084671
0.029602
-0.327468
-0.020257
-0.086897
0.037993
0.020429
0.163380
0.286383
0.056514
-0.002072
0.093460
0.162623
0.075319
-0.122874
-0.144788
-0.043157
-0.134828
-0.097437
0.006100
0.373610
0.231220
-0.080173
0.054539
-0.093422
-0.054301
0.049567
0.329833
0.144401
-0.220963
0.088051
0.099390
-0.089071
-0.011835
-0.187813
0.139184
-0.105296
-0.087608
0.072600
0.198712
0.424486
0.335891
0.095947
0.037969
0.176991
-0.027139
0.119195
-0.153484
-0.055629
0.126904
0.191219
0.186702
0.178157
0.252054
-0.001948
-0.077382
-0.112604
0.130121
-0.122267
0.130642
0.334362
-0.268740
0.174402
0.056569
-0.108132
-0.112056
-0.188868
-0.018999
-0.015647
0.001770
0.214158
0.035904
0.202315
0.158699
0.029051
0.075806
-0.013514
-0.017211
0.319158
0.115105
0.212011
0.086920
0.356132
0.064588
-0.247807
0.115014
-0.051156
0.000331
-0.153472
0.356282
0.039117
0.005131
0.164645
-0.325356
0.024100
-0.139413
-0.032048
0.030065
-0.084406
0.074274
0.178233
-0.008890
0.318641
0.184465
-0.087193
0.320357
0.019028
0.006838
-0.070694
0.025666
-0.143032
-0.167364
-0.181132
-0.239399
0.050437
0.037730
-0.298892
0.157470
-0.064262
0.022796
0.233621
0.212461
0.081871
-0.131187
0.062109
-0.015024
-0.198421
0.079189
0.237250
0.065475
0.030451
0.122230
-0.118784
-0.024017
0.222850
0.285409
-0.147004
0.030119
0.147803
0.142606
-0.216454
0.105460
-0.094893
-0.309681
-0.041864
-0.111421
-0.029330
0.142647
-0.114487
0.026281
-0.092050
-0.088858
0.296209
0.374722
0.288641
0.053826
0.220820
-0.373884
0.056720
0.074603
0.119851
0.047915
-0.035608
0.026191
-0.039183
0.068629
0.014978
0.041469
-0.103295
0.229067
0.001722
0.279434
0.088850
-0.050876
-0.016529
-0.093295
-0.147379
-0.225322
-0.015649
0.069851
0.252155
-0.020211
0.052916
0.066651
-0.032416
0.426530
0.010416
0.167524
0.106517
-0.328618
0.113873
0.064992
0.178403
-0.021572
0.010653
0.022526
-0.118682
0.161600
-0.073623
0.249874
-0.177593
0.077554
0.057268
0.018878
0.015226
0.064851
0.170464
-0.007096
0.060464
-0.049889
0.067591
0.113069
0.430299
0.057926
-0.165514
0.159280
-0.219099
0.387179
-0.126482
0.285958
-0.114822
-0.194289
0.327167
0.098508
0.085552
0.041333
0.079874
-0.097774
0.055325
0.137658
0.152333
-0.062659
0.196816
0.124435
0.092424
0.032715
0.118996
0.001799
0.092467
-0.010775
0.172267
-0.141565
0.423260
-0.011838
0.005507
0.200460
-0.025610
0.062457
-0.266245
0.042496
0.069743
0.320721
0.035667
-0.050559
0.041689
0.031713
-0.084328
