0.078357
0.054922
0.073155
0.058336
0.073171
0.059275
0.061787
0.069099
0.073417
0.059631
0.061772
0.067419
0.070054
0.076794
0.064266
0.075752
0.067733
0.063954
0.072059
0.061703
0.064411
0.074596
0.062159
0.065728
0.075131
0.066826
0.053335
0.067940
0.062202
0.080518
0.069557
0.081039
0.065451
0.065119
0.071851
0.064822
0.079579
0.074721
0.064879
0.058818
0.072915
0.067925
0.080620
0.059134
0.069733
0.061285
0.065291
0.060640
0.068669
0.060074
0.066764
0.072980
0.074734
0.068307
0.068961
0.068219
0.067637
0.072754
0.064451
0.063834
0.060124
0.067457
0.067942
0.075168
0.065184
0.069424
0.061368
0.081940
0.061364
0.061741
0.071594
0.071997
0.067639
0.089297
0.062133
0.053628
0.073153
0.071525
0.066037
0.054850
0.062679
0.079376
0.057541
0.070290
0.064257
0.060892
0.078216
0.065363
0.063079
0.068691
0.061682
0.067445
0.071974
0.069948
0.067874
0.067347
0.059426
0.072184
0.065541
0.066115
0.061845
0.071777
0.065783
0.066603
0.067490
0.067233
0.064438
0.066179
0.056735
0.069588
0.076989
0.064891
0.060659
0.067555
0.056699
0.068691
0.072368
0.060322
0.069625
0.056726
0.077409
0.055194
0.072788
0.068595
0.062137
0.068910
0.060961
0.058312
0.073701
0.062984
0.057992
0.066931
0.066160
0.060119
0.063905
0.073845
0.067693
0.071971
0.072759
0.072621
0.064503
0.071188
0.072285
0.070038
0.069339
0.056597
0.063470
0.081736
0.060532
0.064260
0.066860
0.057806
0.067976
0.074710
0.063242
0.064584
0.069431
0.061718
0.065331
0.071717
0.070613
0.061870
0.060645
0.076815
0.066445
0.057484
0.072869
0.059667
0.056572
0.059893
0.069522
0.058279
0.071386
0.058927
0.059569
0.065712
0.075776
0.076667
0.054546
0.071089
0.071080
0.064429
0.079964
0.070341
0.057471
0.078119
0.064512
0.070156
0.080298
0.061651
0.072417
0.068256
0.067586
0.065666
0.075797
0.067795
0.066312
0.071589
0.074255
0.067549
0.069866
0.076647
0.071586
0.066263
0.068788
0.066365
0.066515
0.066743
0.070340
0.072339
0.074008
0.058691
0.070330
0.068061
0.071524
0.072454
0.069875
0.073822
0.068434
0.069110
0.061352
0.068512
0.066035
0.068115
0.063654
0.069710
0.064241
0.077103
0.073265
0.065563
0.083424
0.075112
0.061243
0.068962
0.063538
0.079829
0.069890
0.075066
0.075288
0.048657
0.069136
0.052885
0.067662
0.071571
0.069148
0.060616
0.074427
0.075888
0.063969
0.064043
0.070487
0.050121
0.069441
0.062611
0.070059
0.073861
0.058358
0.056410
0.060266
0.061593
0.056227
0.073621
0.065893
0.072377
0.063675
0.060427
0.066649
0.071879
0.063787
0.069938
0.074325
0.064752
0.065791
0.069616
0.072713
0.072884
0.063118
0.066800
0.053812
0.069875
0.067969
0.071505
0.067600
0.059934
0.062655
0.056201
0.069786
0.072278
0.068195
0.072679
0.066620
0.053869
0.078374
0.068947
0.069244
0.055411
0.070525
0.067386
0.077058
0.067882
0.057678
0.069326
0.076737
0.063025
0.072218
0.059711
0.066279
0.070373
0.073155
0.081358
0.065004
0.075126
0.063303
0.060729
0.075628
0.066954
0.072995
0.063569
0.061688
0.064820
0.070781
0.072748
0.066614
0.060720
0.071556
0.077890
0.075516
0.076700
0.062944
0.063374
0.063298
0.076852
0.067430
0.072295
0.071307
0.060901
0.065421
0.069578
0.071512
0.074299
0.075093
0.071384
0.079511
0.086247
0.063573
0.069909
0.069450
0.069125
0.069969
0.066819
0.071280
0.065916
0.070670
0.070866
0.058465
0.066857
0.073774
0.071774
0.070740
0.064024
0.068325
0.076493
0.063712
0.067282
0.070891
0.048967
0.071488
0.069850
0.056692
0.069230
0.071628
0.069790
0.063697
0.066985
0.070464
0.061882
0.069825
0.065675
0.056699
0.074640
0.067698
0.068579
0.064667
0.069040
0.069298
0.053543
0.053091
0.063067
0.069691
0.067311
0.068315
0.056499
0.080024
0.064905
0.080246
0.071166
0.075819
0.072935
0.075275
0.061137
0.062103
0.072064
0.063728
0.069609
0.062691
0.074644
0.071470
0.066042
0.065311
0.064068
0.064315
0.056291
0.062307
0.058377
0.066982
0.077696
0.074928
0.075121
0.057497
0.065100
0.073850
0.067245
0.059065
0.061816
0.080074
0.063698
0.064585
0.075253
0.062045
0.067792
0.070839
0.063628
0.069144
0.057720
0.071384
0.074161
0.064646
0.068428
0.069422
0.059425
0.057207
0.049416
0.066841
0.080965
0.072873
0.076301
0.063869
0.070424
0.077709
0.064490
0.056773
0.063643
0.075680
0.064745
0.069837
0.071758
0.068843
0.079893
0.064381
0.059856
0.066137
0.061550
0.064502
0.056648
0.062894
0.054246
0.057886
0.065547
0.060063
0.065294
0.069951
0.060790
0.075509
0.079672
0.058005
0.065016
0.060540
0.064083
0.066581
0.064961
0.068255
0.072307
0.080930
0.064417
0.069310
0.067000
0.063777
0.060297
0.060916
0.069108
0.069258
0.071067
0.062032
0.058296
0.061852
0.062438
0.071473
0.064243
0.065148
0.060887
0.061515
0.057492
0.064812
0.064992
0.068131
0.062610
0.065315
0.076384
0.069653
0.066660
0.071774
0.065879
