0.049917
0.072346
-0.219850
-0.010734
0.011401
0.104826
0.111977
-0.140009
-0.034337
-0.151330
0.041472
-0.003949
-0.009281
-0.026307
-0.086480
-0.212194
0.023796
0.018464
0.019174
0.078874
-0.068647
-0.156189
0.080187
-0.012534
-0.078706
0.002910
0.036831
0.069123
0.005935
0.095511
0.093671
-0.044651
0.016716
0.088283
-0.017519
-0.084653
0.011840
0.101375
0.035146
-0.026834
-0.118516
0.027097
0.064012
0.075225
-0.035561
0.089871
-0.108951
0.072008
-0.161976
-0.159785
0.100614
0.022181
-0.004701
-0.013074
0.015814
-0.043846
0.009345
0.019057
-0.035311
0.023603
0.137973
-0.061058
0.057718
0.113421
0.000261
0.067491
0.029753
0.040102
0.088560
-0.007035
-0.104457
-0.092804
0.016859
-0.021243
-0.012609
0.090940
-0.014045
-0.133293
-0.071807
0.046879
-0.010664
0.168481
0.030898
0.019210
-0.002527
0.004197
0.009280
0.120075
-0.080252
-0.050699
-0.082626
-0.125152
0.125543
0.073826
-0.032288
0.095678
-0.036997
-0.023207
-0.047324
0.042418
0.004623
0.100654
-0.044116
0.113368
0.011611
-0.057338
0.095502
0.078398
-0.028846
-0.010374
-0.024736
0.148598
-0.109467
-0.025598
-0.083126
-0.009181
0.001561
0.049379
-0.084931
0.064170
-0.063005
0.133270
0.177247
0.169273
-0.116025
-0.145355
0.027352
0.039100
-0.065592
-0.039263
-0.014209
-0.043695
-0.203130
0.016708
0.015595
0.008953
0.102218
-0.043644
0.089101
-0.090985
0.035621
-0.003997
-0.106392
-0.035932
0.041027
0.024589
-0.020446
0.009106
0.131381
-0.066826
0.021870
0.058431
0.081570
-0.029803
-0.189904
0.111860
-0.002344
0.090759
0.031978
-0.111969
0.025705
0.035777
0.040851
-0.006498
0.025420
-0.074712
0.111337
-0.071681
-0.005038
0.037512
0.018513
-0.001166
-0.032581
-0.044049
0.016177
-0.069883
0.071628
-0.073100
-0.020165
0.084029
-0.069600
0.021238
0.100648
-0.006278
0.080894
0.011148
0.078225
0.131799
-0.153993
-0.115755
-0.077950
-0.050628
-0.113957
0.049974
0.044580
-0.063311
-0.023052
-0.055496
-0.042646
-0.018212
-0.012655
-0.090599
0.144593
-0.071410
0.106749
-0.034022
0.030860
0.016664
-0.138741
-0.136853
-0.022005
0.141015
0.037660
-0.111985
-0.053134
0.087162
0.034915
-0.021105
-0.022344
-0.130226
0.099146
-0.042258
-0.001751
0.041021
-0.124564
0.039405
-0.026782
-0.021273
0.014236
-0.014370
0.017960
0.025093
-0.099788
-0.107331
-0.136867
0.010278
-0.073279
-0.074927
0.067874
-0.036207
0.153502
0.041664
-0.127237
-0.047939
-0.016342
0.114338
0.103675
0.003978
0.007993
-0.071260
0.056934
0.163716
0.108385
-0.049274
0.050426
-0.052367
-0.085022
0.179336
-0.037803
-0.026299
-0.072903
-0.119137
-0.100105
-0.091633
-0.066355
0.095239
0.130675
-0.116828
0.101127
-0.031306
-0.090575
0.016116
-0.037596
0.146066
-0.152613
0.111817
-0.128946
-0.072746
0.081918
0.022653
-0.103460
0.121844
-0.016171
0.030015
0.104245
0.064338
0.002133
-0.048421
0.109430
0.021005
0.067523
0.110674
-0.021815
0.010937
0.040525
0.035728
-0.039749
-0.035242
-0.006097
-0.110006
-0.002672
-0.020211
0.039132
-0.035211
0.168459
0.155821
-0.127653
-0.079779
-0.068627
0.028037
0.080700
-0.109737
-0.039967
0.061360
-0.208943
0.061997
-0.020197
-0.090722
0.087479
0.109099
-0.035642
0.025435
0.048578
0.006617
-0.032847
0.012120
0.098120
0.048533
0.060738
-0.075559
0.052499
-0.126690
0.129907
0.069480
-0.137847
-0.034085
-0.072926
0.072966
0.058421
0.057376
-0.081565
0.090425
0.064309
-0.055263
0.042620
0.005830
-0.019013
0.065236
-0.007576
-0.024405
0.126593
0.060566
0.019630
-0.029697
0.032555
-0.055201
-0.038381
-0.038631
0.011152
0.071397
-0.081229
0.015495
0.005512
-0.063158
0.079772
0.084517
-0.071384
-0.099814
-0.049947
0.104499
0.001188
0.093906
-0.116777
-0.031251
-0.138969
-0.015976
0.021549
0.087287
0.030842
0.165811
0.083182
-0.101294
-0.064473
-0.054124
0.043661
0.146870
0.015280
0.058328
-0.004195
-0.025528
0.032420
-0.103556
0.034055
0.091650
0.000695
0.037198
-0.079028
0.016845
0.022173
-0.036424
0.007511
-0.071026
-0.030458
-0.033638
-0.049789
0.022155
0.012444
-0.028042
-0.085139
-0.036690
0.040615
-0.017820
-0.141174
-0.005370
0.070871
0.007644
0.107289
-0.059101
0.011933
0.017348
0.021293
-0.034280
-0.088457
-0.003436
-0.071880
0.074261
0.089559
0.058649
-0.026246
-0.156504
-0.101610
-0.108739
-0.127105
0.054456
-0.033944
0.046492
-0.073445
0.094050
-0.019914
-0.073896
0.015118
-0.029980
0.048450
0.057238
0.089020
-0.115415
-0.045090
-0.003988
0.022153
0.000633
-0.089445
0.075173
-0.006759
-0.052822
-0.033479
0.073666
0.002955
0.011659
0.049325
0.008405
0.106727
-0.058557
0.100077
0.115376
0.021661
-0.000085
-0.043630
-0.114661
-0.026418
-0.075838
-0.170386
0.058953
0.132253
0.160959
-0.109653
0.031585
0.052920
0.110178
0.141130
-0.159406
0.031556
-0.000801
-0.004424
0.074244
-0.035516
0.077717
-0.071640
-0.077627
-0.048670
-0.146025
0.044142
-0.092348
-0.094555
0.003406
-0.093193
0.071866
0.094177
-0.071439
0.061687
0.018044
0.044992
-0.161200
-0.109672
-0.028271
0.048030
0.084001
0.074239
-0.085708
0.067075
0.017193
-0.136630
0.126864
-0.111178
-0.145531
0.087199
-0.038655
-0.014243
-0.058408
-0.061259
0.039328
0.123304
0.098121
-0.161817
0.099178
-0.144287
0.113573
-0.040468
-0.026315
0.019460
0.070764
-0.131435
-0.016399
0.005091
0.160741
-0.152139
0.036364
0.077213
-0.088175
0.003024
-0.019173
0.128726
-0.078960
-0.090280
0.070066
-0.017582
-0.055139
-0.111762
-0.067975
-0.014074
-0.106961
0.059158
-0.057550
-0.018044
-0.057295
-0.062500
0.002043
-0.007720
-0.110791
-0.004169
0.045451
-0.117243
-0.125636
-0.104690
-0.046408
0.150540
0.121306
0.140863
-0.059320
0.089525
-0.099166
-0.020273
0.028179
-0.012652
-0.025225
0.032001
-0.001952
0.128751
-0.027413
0.033532
-0.022644
-0.146573
-0.055838
-0.038461
-0.056498
0.183363
-0.047290
-0.121751
0.134016
-0.065534
0.146212
-0.066382
-0.084521
0.086135
0.018767
0.156508
0.019719
0.024253
0.087538
-0.058702
0.087631
0.089928
0.065533
-0.093104
-0.029007
-0.075561
-0.110782
-0.000159
-0.011623
0.136791
-0.053028
-0.071603
0.035623
-0.140681
0.140872
-0.063529
-0.042390
-0.054503
0.020623
-0.086774
-0.019702
-0.083564
0.106520
0.149571
0.119981
-0.023761
-0.013250
0.012931
-0.065847
-0.038047
-0.014757
-0.054206
-0.002242
0.064387
0.063889
0.109402
0.077787
-0.003913
0.025418
-0.043873
-0.131632
-0.030896
0.080051
0.060712
-0.032076
-0.014506
0.083128
0.046369
-0.052500
0.086122
-0.021071
0.060757
0.005660
0.080185
-0.073313
0.009695
0.013445
-0.056737
0.078260
-0.108236
-0.047987
0.107202
-0.051086
-0.031312
0.108239
0.022854
-0.032090
0.047948
0.012574
0.005371
-0.059197
0.016473
0.094766
-0.097581
0.091323
0.089747
-0.067925
-0.028872
-0.103888
0.110626
0.081805
-0.139777
0.088677
0.111713
-0.088461
0.044255
-0.026459
-0.044015
0.119463
0.087739
0.060223
-0.041912
0.108995
0.009537
-0.010073
-0.113704
-0.057749
0.092305
0.083684
0.072248
-0.014926
0.019277
0.152131
-0.012981
-0.037605
0.046727
-0.032891
-0.089240
0.070145
0.000493
-0.165118
-0.095462
0.021685
0.120640
-0.041904
0.145079
0.047642
-0.092265
0.012576
0.018763
-0.045489
-0.110560
0.035794
-0.075818
0.081727
-0.131461
0.157636
0.076019
-0.191156
0.163863
0.033610
0.042711
0.103566
-0.208635
-0.106085
0.008161
0.086264
0.114670
0.039199
0.051832
-0.151915
0.074494
-0.087785
-0.021498
-0.151755
0.068774
-0.001942
0.021611
-0.116727
0.071170
0.045446
0.038902
0.053911
0.018455
0.042835
0.025675
0.017830
-0.034223
0.000290
0.057467
-0.125659
0.127309
-0.123148
-0.007159
-0.086352
-0.110443
0.082859
0.022851
0.062923
0.103536
0.025165
0.033942
0.096544
-0.013296
0.079552
-0.127007
0.177281
-0.000033
0.069279
-0.067705
-0.026047
-0.040756
-0.068928
-0.195650
0.136654
-0.077287
0.088480
0.090841
-0.079797
0.035318
0.049178
-0.016577
-0.126615
-0.044706
0.108983
0.068339
0.065741
0.029447
0.026824
0.071737
-0.100532
0.093094
-0.116538
-0.031509
0.045880
-0.023868
0.028975
0.002712
0.059545
0.079094
-0.042868
-0.100519
0.101983
0.064392
-0.089898
-0.012168
0.017776
0.005192
0.027441
-0.155403
-0.229197
-0.107485
-0.101253
0.114172
0.074406
0.079439
-0.104013
0.007995
0.130696
0.093485
-0.170198
0.177203
-0.057652
0.118924
-0.067603
0.006511
0.025947
-0.054207
0.012307
-0.050679
0.005892
0.065730
-0.089454
-0.057751
0.032185
0.013476
0.163427
-0.041106
-0.021010
-0.097803
0.020733
0.089368
-0.027002
-0.034142
-0.086312
0.101798
-0.053263
-0.027938
0.019933
-0.033798
0.018916
0.099120
0.171164
-0.073919
-0.040763
0.040973
0.005021
-0.058180
0.092071
-0.134966
-0.083454
-0.095079
0.017180
0.062845
0.050839
0.013756
-0.059791
0.035878
0.071288
0.088332
-0.001676
0.098560
-0.100758
-0.039471
0.045346
0.039491
0.009442
0.017960
-0.031989
0.059262
0.034861
-0.085185
-0.144284
-0.077953
-0.029777
0.082118
0.016025
-0.049540
0.075996
-0.201233
0.057756
0.160954
-0.011682
0.106358
0.027668
-0.047038
-0.034829
-0.088857
-0.005504
0.051910
-0.125320
0.032543
0.002849
-0.005180
-0.162539
-0.007544
0.025649
-0.019031
0.120444
-0.055702
-0.025486
0.081680
0.046168
-0.004456
0.087064
0.013632
-0.058683
0.011154
-0.068055
-0.008550
0.002901
-0.146195
-0.038060
-0.122531
0.004885
-0.027792
0.080025
0.097787
-0.028892
0.107508
0.055159
-0.062169
0.052428
0.108773
-0.017719
0.014759
0.049358
-0.020827
0.090921
0.134795
0.016546
-0.048658
-0.093503
-0.025477
-0.036627
-0.005010
0.078633
-0.055627
-0.084842
0.091504
0.008857
-0.024653
-0.022489
-0.021380
-0.034434
-0.033448
-0.123932
-0.015639
-0.051052
0.060543
-0.038330
0.048492
-0.048022
0.077844
-0.010387
-0.035100
-0.110764
-0.105620
-0.003190
0.044278
-0.041956
0.047642
0.125151
0.076031
0.103863
-0.064535
-0.032293
-0.003034
0.056193
-0.040274
-0.071720
-0.045212
0.052373
0.182692
0.148294
-0.050977
-0.077620
-0.062026
0.054824
-0.041130
-0.000116
0.000453
-0.071808
-0.008573
-0.107567
-0.083751
0.063769
0.000623
-0.018424
0.028245
0.044844
-0.022558
-0.019350
-0.021690
0.013024
-0.010940
0.145373
0.004523
0.122612
-0.080203
0.028529
0.014973
-0.120056
0.089612
-0.203246
0.104624
-0.138222
0.027357
-0.094632
0.032541
0.062150
-0.048250
0.065288
0.038432
0.131542
-0.119817
-0.078604
-0.077181
0.043881
-0.124950
-0.016485
-0.035551
0.011079
-0.102384
-0.050856
0.067155
0.008892
0.134388
0.087440
-0.100454
0.144409
0.069919
-0.005989
-0.177150
0.039693
0.103673
0.080325
0.043272
-0.057422
0.006055
0.023879
0.090162
0.087987
0.052345
0.082415
0.071588
-0.081468
-0.051973
-0.075106
0.105186
0.046548
-0.094004
0.094919
-0.025959
-0.093063
0.154465
-0.105349
0.106985
-0.098740
-0.117910
0.048788
-0.080062
-0.026388
-0.036389
-0.055561
0.081294
-0.097520
0.130819
-0.046281
0.019534
-0.100783
0.096718
0.084040
-0.088425
-0.063889
0.005383
-0.015646
0.073542
0.088086
-0.003158
-0.039374
0.072572
-0.007343
0.065387
-0.179422
-0.055932
0.016168
-0.055774
0.126960
-0.071749
0.049604
0.021969
0.062365
-0.111323
0.058748
0.034496
-0.058822
0.033463
0.102466
-0.011461
-0.121107
-0.012085
-0.041689
-0.097413
-0.058333
0.035129
-0.091878
-0.004897
-0.063122
0.136926
0.004996
-0.022768
0.063621
0.041298
-0.002140
0.030830
-0.081866
0.053913
-0.032421
0.021203
-0.078465
-0.095706
0.000054
0.019982
-0.049836
-0.124018
0.203578
0.179950
0.056589
0.111778
-0.023322
0.092319
-0.133950
-0.039465
-0.143366
-0.041352
0.024680
0.016038
0.070943
-0.035334
-0.024673
0.093442
-0.031607
0.019773
0.040493
0.114742
-0.127160
-0.197138
0.069333
-0.059719
0.097417
-0.019001
0.000571
0.121707
-0.136293
-0.075571
-0.032820
0.143596
-0.037430
0.052769
0.002085
0.047029
-0.071445
0.116309
-0.090125
-0.060897
0.041647
-0.003905
0.067119
0.058232
-0.177581
0.129754
-0.099900
-0.097403
-0.053492
-0.070083
0.114234
0.125681
-0.034449
-0.065775
0.060650
0.060918
0.040245
-0.012209
-0.062782
-0.050804
0.067532
-0.039166
0.102424
-0.064403
-0.035869
-0.086318
-0.031587
0.080703
-0.040148
0.147124
-0.133308
-0.015438
-0.001189
0.066474
0.123529
0.094320
0.146025
0.145202
-0.087712
-0.021225
-0.105464
0.127587
-0.136100
-0.068224
0.010595
-0.087868
-0.011435
0.001914
-0.054511
0.025054
0.067593
0.048371
0.017337
0.071083
-0.041432
0.026459
-0.030721
0.113565
-0.094676
0.085321
0.021883
0.104233
-0.019652
-0.027914
0.093142
-0.075513
0.078870
-0.003180
0.009822
-0.126844
-0.091715
0.124948
-0.052909
0.014365
-0.033329
0.013690
-0.110277
0.016716
0.119052
-0.068469
0.065409
0.042421
-0.145172
-0.089968
-0.019501
0.134232
-0.116628
-0.040059
-0.036140
-0.130857
0.031209
-0.041561
-0.020103
-0.160336
0.089882
0.074079
0.069639
-0.161288
0.019353
-0.096387
0.094122
0.110942
-0.076294
0.112003
-0.106722
-0.085892
0.079608
-0.004241
0.164831
0.068660
-0.066068
-0.016423
-0.076036
0.007201
0.120971
-0.146189
-0.031035
0.016299
-0.029638
0.217252
0.014878
-0.009680
0.010308
0.017504
-0.032783
0.101352
0.051976
0.131452
-0.104740
-0.004056
0.051153
0.000777
-0.059061
-0.046163
0.026837
0.116812
-0.012460
0.088984
0.039390
-0.061987
-0.031977
0.014965
0.069802
-0.067435
-0.038798
-0.058271
0.006068
0.094602
-0.162182
0.114245
-0.043515
-0.053806
-0.098902
0.052485
0.097850
0.003541
0.058842
-0.195237
0.139294
-0.095691
0.152699
-0.016931
-0.023574
-0.018420
0.116248
0.001018
-0.094146
0.031839
0.113754
-0.056087
0.166938
0.038704
-0.048459
0.056012
-0.070124
-0.102147
-0.021181
0.026046
0.020998
0.077366
0.070600
0.044859
-0.055978
0.027606
-0.041834
-0.005306
-0.009090
-0.017726
0.187464
-0.073411
0.231629
-0.032440
0.006175
-0.040270
0.149393
-0.061465
-0.044457
0.074308
0.080471
-0.135818
-0.060395
0.061222
-0.014978
-0.065380
-0.012877
0.051400
-0.002889
0.071561
0.014641
-0.034715
-0.006796
-0.006578
0.106929
-0.078758
0.033177
-0.074134
0.016606
-0.067267
-0.008919
-0.074468
0.013380
0.000192
-0.097134
-0.020638
0.065476
-0.056354
0.084903
-0.010215
0.097160
-0.039510
0.066510
-0.132214
0.077614
-0.064373
0.098333
-0.037686
-0.006325
0.095428
-0.055507
-0.061915
-0.063966
0.049719
0.077455
0.040668
-0.123417
-0.104213
0.060702
-0.048093
-0.103277
-0.018889
-0.086668
-0.001361
-0.114963
0.023306
0.254676
-0.125825
-0.064145
0.031411
-0.028143
-0.007103
-0.117943
-0.031242
0.017361
0.065480
0.047502
-0.052377
0.002044
-0.087786
-0.002006
0.084827
0.107859
0.164931
-0.028522
0.037906
0.132397
0.107721
0.058510
-0.088054
0.064208
0.107776
-0.031102
-0.061653
0.070787
-0.055807
0.013063
0.048388
-0.002040
0.041945
-0.082925
0.156151
-0.113964
-0.183466
0.200131
-0.083376
-0.029627
-0.118890
0.069632
-0.041168
0.169671
0.074497
-0.067409
0.002627
0.120402
-0.035548
0.120138
0.072430
0.050407
0.057912
-0.058562
0.017587
-0.147995
0.023230
-0.055012
-0.187497
0.004132
0.105362
-0.049816
0.171171
-0.077989
0.131816
0.001532
-0.041802
-0.089429
-0.019437
-0.005638
0.068452
0.007419
-0.088704
-0.117000
0.025541
-0.066681
0.109186
-0.024781
0.036682
-0.084243
0.100654
0.002231
0.091506
0.027102
-0.051197
0.046916
-0.057269
0.025714
0.016336
0.091329
-0.119384
0.043963
-0.149201
0.054794
0.092126
0.012706
-0.160632
0.093262
0.072697
0.126586
0.110593
-0.008183
-0.019400
0.070100
-0.047226
-0.026767
-0.008733
0.072191
-0.034663
-0.048167
-0.074043
0.084309
0.026720
-0.106708
0.162233
-0.015296
0.011509
-0.046992
-0.086175
0.061910
0.010455
-0.060406
0.101221
-0.015170
-0.111722
-0.054825
-0.169139
0.091935
0.123088
0.054975
0.124019
0.126718
0.045806
0.033817
-0.086251
-0.054941
-0.125895
0.025659
0.113271
0.005403
-0.113989
-0.009434
0.005874
-0.057104
0.038098
0.145650
0.128599
0.087312
-0.041650
0.038673
0.027232
-0.017635
0.000297
0.032947
-0.263669
0.039538
-0.027970
0.014740
0.052359
-0.012183
-0.046063
-0.023548
-0.113110
-0.030009
0.058180
0.000760
0.011778
-0.091105
0.105457
0.069173
-0.052924
0.070754
0.059551
0.005152
0.184806
0.033665
0.130260
0.053987
-0.064927
0.054591
-0.091478
-0.031954
-0.078789
0.066311
-0.016219
-0.037055
-0.017656
0.042413
0.097535
-0.070529
-0.088427
0.128356
0.080487
-0.133490
0.114606
-0.158621
-0.092637
0.088184
-0.105207
0.023344
0.006191
-0.010181
-0.039974
0.138704
-0.007081
0.040257
0.006607
-0.018754
0.083656
0.001448
0.079979
-0.176827
0.094061
0.084854
-0.082257
-0.155704
0.007127
-0.046373
0.078253
0.047250
-0.055845
-0.167242
0.118357
-0.032118
-0.057476
0.021159
-0.076329
0.048568
-0.042229
-0.008944
-0.048554
0.047134
0.176836
-0.071233
0.018835
0.034281
0.018999
0.126860
0.066711
-0.118457
0.091434
-0.160469
0.064032
-0.091599
0.046970
0.075907
0.110831
-0.110705
-0.045537
-0.026454
0.198530
-0.052584
0.124369
-0.080729
0.024573
-0.033030
0.059434
0.051598
-0.047674
-0.022501
-0.032924
0.093895
-0.149752
0.017669
0.163079
0.081808
-0.052876
0.004586
-0.023022
0.090127
0.077851
0.045534
0.106159
-0.099012
-0.073539
-0.064874
0.077690
-0.046373
0.100238
-0.053049
0.065590
0.071971
0.092095
0.020932
0.139153
-0.064137
-0.044383
-0.053528
-0.084207
0.048595
0.030796
0.017971
0.081495
-0.042983
0.042054
-0.032299
-0.036589
-0.005686
0.054834
0.019735
-0.050323
-0.126551
-0.006254
0.095439
-0.052606
0.125857
0.019808
0.056425
-0.143590
0.103006
0.089324
0.098653
-0.146232
-0.098863
0.030402
-0.030884
-0.001380
-0.033287
0.055606
0.161395
-0.084853
-0.081365
0.052135
-0.112575
-0.005408
0.004946
0.026095
0.144095
-0.022399
0.002314
0.022809
0.074175
-0.039146
-0.002793
0.104489
0.033931
0.030098
-0.117636
-0.114409
-0.201750
-0.118491
-0.077307
-0.082592
0.148269
0.167663
0.087109
-0.054950
0.092844
0.136534
0.149475
0.038897
-0.098394
-0.032366
0.012355
-0.151984
-0.105252
0.022186
-0.021953
-0.009059
-0.002081
-0.170553
-0.079053
-0.062455
0.058450
0.112783
0.037093
-0.204019
0.085088
0.130363
0.107757
0.066037
0.026559
0.048925
-0.034479
-0.043974
-0.074690
0.023295
0.065144
0.150646
-0.059908
0.096525
-0.169222
-0.180314
0.010353
-0.112018
0.121339
0.105438
0.059453
-0.086923
0.125819
0.096153
-0.004151
0.094592
-0.026052
0.110767
-0.062112
-0.000316
0.129185
-0.109084
-0.089468
0.039133
0.047258
0.018402
0.046279
0.017496
-0.018751
-0.001477
-0.016770
0.049071
0.193274
0.050995
0.108505
-0.193714
0.024077
0.074254
-0.059238
-0.006187
-0.056162
-0.157234
0.079626
-0.039246
-0.005659
0.059678
-0.075605
0.015612
0.057413
-0.031212
0.011250
0.040308
-0.134125
0.116430
0.114856
0.085158
-0.095200
-0.043889
-0.040359
0.115037
-0.120593
0.077670
-0.066480
-0.034661
0.066204
0.044189
-0.090623
-0.071232
0.082330
-0.160731
0.045421
-0.087442
0.106868
0.083523
-0.196783
-0.060276
-0.051283
0.092630
0.040476
0.100073
-0.020227
0.043185
0.044104
-0.050161
-0.036262
-0.160724
-0.104397
0.039428
0.006225
0.090641
-0.152972
0.040982
-0.011908
-0.106708
0.009463
0.054195
0.118293
-0.044856
0.050428
-0.055729
-0.060680
-0.066791
0.137929
0.059236
0.046968
-0.034100
-0.019822
0.021131
-0.032288
-0.089895
-0.030569
0.001973
-0.093815
-0.077174
0.073010
-0.060517
0.138711
-0.106083
0.121153
0.153154
0.043811
0.206481
-0.147170
0.001097
-0.027824
-0.139323
0.174306
-0.058846
0.170576
-0.098958
-0.150893
-0.028977
0.157000
0.004523
0.144680
-0.017932
-0.094951
0.099245
0.066750
-0.073323
-0.015077
0.031730
0.031526
0.013107
0.079618
0.008083
-0.014289
-0.031952
0.030206
0.102366
-0.027371
0.033446
-0.080046
0.099794
0.034404
-0.107049
0.003034
-0.006286
-0.045171
0.011565
0.017541
0.028756
0.002793
-0.040336
0.121151
-0.123333
-0.121193
0.083251
-0.002796
-0.021699
-0.031528
-0.051070
-0.064316
-0.049841
-0.049611
-0.059428
0.012149
-0.092066
0.056588
-0.121784
-0.088716
-0.070708
0.037799
-0.052670
-0.047026
-0.137328
0.006955
0.089142
0.010093
-0.072330
0.147676
-0.086142
0.113936
-0.141420
0.044695
0.076368
-0.155310
-0.049162
0.166359
0.095393
-0.183165
0.070709
-0.083283
0.003877
0.008556
-0.086738
0.124274
-0.026912
0.034656
-0.155994
-0.081101
0.101018
0.029368
-0.100044
0.083323
-0.004067
-0.054357
0.026974
-0.092075
-0.025493
-0.012910
0.075818
0.037303
-0.055621
-0.034782
0.098181
-0.003216
0.093998
0.039175
-0.012733
-0.109164
0.025131
0.154361
-0.037015
-0.003469
-0.052753
-0.012321
-0.006078
-0.025078
-0.076377
-0.118635
0.024580
0.123779
0.086592
0.007817
-0.066050
-0.010488
0.105185
-0.115523
-0.068731
0.000919
0.106344
-0.035741
0.057507
-0.087826
-0.142734
0.021520
0.034410
-0.105966
0.012517
-0.014493
-0.100241
0.013978
0.046189
0.046661
-0.123554
0.055076
-0.039940
-0.084042
-0.033368
-0.122104
0.037273
0.025278
0.022219
0.031752
0.083727
0.021524
-0.069939
-0.030433
0.112403
-0.011215
-0.053244
-0.013899
-0.110669
-0.113565
-0.130156
0.095145
-0.064203
0.197451
-0.006342
-0.004697
-0.057406
0.162935
-0.016539
-0.010511
-0.028428
-0.085982
0.019545
0.052635
-0.056788
0.139533
0.057680
0.049870
0.133868
-0.032007
-0.047007
0.101142
0.068110
-0.105451
0.036383
-0.127970
0.013066
0.083085
-0.132609
0.090789
0.002089
0.107393
-0.001125
-0.009145
-0.099498
-0.085751
-0.038902
0.071181
0.063209
0.070773
0.027559
-0.031365
0.073373
0.111662
0.000656
-0.064650
0.004474
0.108076
0.081834
0.027730
0.175028
-0.105825
0.041099
0.161631
0.079950
-0.000310
-0.106854
-0.044385
0.078533
0.009951
0.082101
0.093826
-0.072958
-0.137591
-0.139465
0.120695
-0.156761
0.016307
-0.052615
-0.145013
0.138004
0.099818
-0.107728
-0.035413
-0.144029
0.084921
0.135458
0.045580
0.037211
0.102144
-0.023939
0.012733
-0.019413
0.077569
-0.111680
0.022804
-0.050281
-0.026746
0.054462
-0.031230
-0.036383
-0.059978
0.053943
0.031862
0.138532
0.028746
-0.123651
0.060491
-0.032168
0.026931
0.238497
0.005398
0.004103
-0.044027
0.148969
0.071592
0.071005
-0.037028
0.019721
-0.011288
0.003761
-0.038255
0.005178
0.067219
-0.127180
0.131119
-0.067562
0.132061
0.008934
-0.040974
0.107701
0.007673
-0.069658
-0.085591
0.061390
-0.057141
0.043628
-0.191224
-0.047483
-0.033715
0.008454
0.049783
0.010006
-0.112319
0.078225
0.102595
0.020079
0.139185
-0.001226
0.109047
0.073414
0.006672
0.037903
-0.052198
-0.051000
0.077520
-0.004879
-0.034735
-0.084969
0.110067
0.135828
0.113035
-0.101790
-0.119722
-0.078548
0.117578
-0.052202
-0.200415
0.098967
0.068802
0.005898
-0.018836
0.094434
-0.113959
0.104756
-0.076206
-0.023001
-0.118023
-0.060540
0.131661
0.017300
-0.079225
0.048578
-0.005848
-0.135101
0.106296
0.070386
0.011479
0.086996
0.106733
0.171438
0.121642
-0.088376
0.017336
-0.023829
-0.008322
0.005066
-0.037929
-0.069503
-0.013409
-0.006985
0.020014
0.091860
0.052323
-0.151319
0.095392
-0.202916
0.068300
0.118849
0.081861
0.022767
-0.138281
-0.007279
0.050393
0.064945
-0.152744
-0.003549
-0.015986
-0.056046
0.034395
-0.072949
-0.010242
0.098205
0.047798
-0.190624
-0.093912
0.047600
0.025931
-0.018798
0.053536
-0.052716
0.002843
-0.077797
-0.024802
0.100354
-0.022064
0.063184
0.025604
-0.003862
-0.012243
-0.070835
0.013530
-0.016461
0.068354
0.086320
-0.099098
0.008205
0.030477
-0.131913
0.125816
0.005235
0.067331
-0.141450
0.043571
-0.003902
-0.153161
0.055667
0.038020
-0.123422
0.076326
-0.065024
-0.018116
-0.117800
-0.020730
-0.092337
0.119927
-0.004435
0.089237
-0.173658
-0.015386
-0.166214
0.144440
-0.034418
0.087461
-0.087707
-0.117337
0.076694
0.117616
-0.107325
-0.029340
0.089975
-0.040794
0.137128
0.004511
-0.053192
0.121202
-0.178369
-0.042348
0.043356
0.166401
0.080947
-0.038943
0.003342
-0.036297
-0.038837
0.122782
-0.068437
0.021497
0.116265
-0.043141
-0.063647
0.052411
0.077795
-0.068280
-0.034215
-0.120766
-0.003846
-0.051156
0.044075
0.025782
-0.103760
-0.061625
-0.048988
-0.094457
-0.061245
0.025126
0.095003
0.124648
0.123133
-0.064895
0.090952
0.093336
-0.059458
0.072404
0.131738
0.178945
0.124263
-0.063901
-0.108151
0.037345
-0.147702
0.123695
0.083638
0.018994
-0.011043
0.060997
0.127406
-0.094608
0.025369
-0.070819
0.041902
-0.129591
-0.077356
0.064637
-0.049635
0.115869
0.023400
-0.115427
-0.111101
0.075842
-0.044634
0.191645
0.087579
-0.002109
0.081017
0.085349
0.043454
-0.029458
0.113607
0.006174
-0.029965
-0.084620
0.149435
-0.050157
0.153106
0.137431
-0.016827
-0.060573
0.070599
0.000221
-0.127543
0.068074
-0.050012
0.151879
-0.118684
-0.013236
0.088266
0.079100
0.060934
0.024548
0.078840
-0.144240
-0.095999
0.128913
0.063779
0.082249
-0.096798
0.014626
0.182248
-0.028448
-0.032768
0.048273
0.054280
-0.059167
-0.062371
0.115645
-0.099442
0.016248
-0.077377
-0.012012
0.168031
0.099974
0.030285
-0.085512
0.040226
-0.105528
-0.021119
-0.047033
0.024812
-0.001525
-0.003126
0.007959
0.072235
-0.034386
0.078899
0.152050
-0.011710
-0.147906
0.038958
-0.076944
0.082020
-0.032874
0.000778
-0.057883
0.106087
0.039129
0.189983
0.017449
0.107433
-0.042216
0.114701
-0.063144
-0.028361
0.192800
0.138256
-0.020036
-0.073789
-0.104798
-0.072473
-0.011401
0.051788
-0.085665
0.106683
0.049151
0.037444
0.057018
0.072070
0.082354
0.049911
0.031650
0.034591
-0.041939
-0.074598
-0.045329
0.008221
0.055499
-0.030765
-0.001913
0.076312
0.067841
-0.009217
0.006688
-0.156026
0.002082
-0.026047
0.020347
-0.117511
-0.088224
-0.009555
-0.048376
-0.001968
0.059861
0.002851
-0.052017
0.013569
-0.015327
0.108131
0.047318
-0.114085
-0.032693
0.094197
-0.016533
0.012366
-0.158965
0.131427
-0.065105
0.028450
-0.098683
-0.014112
0.179189
0.058557
-0.000784
0.048635
-0.057975
0.112995
-0.046145
0.084848
0.009683
-0.090161
0.130910
0.134590
0.136522
0.113245
-0.116424
-0.169252
0.149456
-0.064902
-0.013408
-0.026128
-0.083065
-0.089879
0.099338
-0.070122
-0.070783
0.074551
-0.021306
0.163081
0.107318
-0.135317
0.038274
-0.101628
-0.027909
-0.010138
0.122888
-0.042028
-0.099271
-0.103216
-0.003168
-0.105138
0.107263
-0.041421
-0.096847
0.186236
0.073697
0.042749
-0.021749
-0.058566
-0.022114
0.088525
-0.069931
0.009179
-0.055356
-0.125355
-0.008540
-0.145580
0.016065
-0.066867
0.093001
-0.060550
0.099123
0.021228
0.013608
-0.082908
0.012665
0.052505
0.021435
-0.072600
-0.050024
-0.154578
-0.243152
0.036495
0.070829
-0.049786
0.062764
0.042790
-0.039631
0.064019
0.013417
0.006915
0.020878
0.122235
0.094698
0.003528
-0.110574
-0.086454
0.085326
0.205001
0.010386
0.059212
0.143779
0.088285
-0.018911
-0.114070
-0.053589
-0.012749
-0.058107
-0.125907
-0.059092
0.014408
0.047200
-0.026275
0.092320
0.032331
-0.080773
-0.113018
0.092176
-0.038020
-0.051513
-0.130416
0.004288
0.037470
-0.122974
0.085941
0.055121
-0.064954
-0.081216
0.129549
-0.090212
-0.084549
0.128542
0.078748
0.101843
-0.020961
0.008651
-0.195836
0.093122
-0.158576
0.088813
0.028521
0.063602
0.055376
0.079580
0.074170
-0.106600
-0.095187
-0.051361
0.049616
0.027770
0.084286
0.102863
-0.099241
0.063323
-0.091226
-0.040695
0.014690
0.121523
-0.118951
-0.005042
-0.011192
-0.011815
-0.087476
-0.095718
0.064278
0.039397
0.030948
0.017595
0.002413
-0.134743
-0.052574
0.117686
0.100979
-0.104331
0.027989
0.082643
-0.086900
0.100379
-0.095071
-0.113513
-0.162015
-0.126799
-0.002144
0.002116
0.045024
0.063733
0.074491
-0.047583
0.014922
0.134850
-0.081835
0.000522
0.035540
0.095800
0.005946
0.038794
0.019945
-0.022899
0.073779
0.135319
0.100102
0.007001
0.034893
0.077948
-0.086728
0.196354
-0.115216
0.009516
-0.046138
0.034015
0.161492
0.048118
0.159395
0.005913
0.019651
-0.116045
0.007251
0.092931
0.179075
0.027397
0.078091
-0.190383
-0.157266
0.053651
-0.069002
0.092090
0.056373
-0.129556
0.092329
0.095757
0.119852
-0.113404
0.096546
0.065737
-0.089687
0.066099
0.070022
-0.139921
0.139907
-0.079951
0.077060
-0.147984
0.030142
-0.160028
0.040206
0.052894
0.051580
-0.077507
0.052363
-0.001877
0.030540
0.120096
-0.072833
-0.084524
0.021186
-0.068801
-0.023832
0.053405
-0.016197
-0.041688
-0.154121
-0.054560
0.016960
-0.145507
0.083384
0.049610
-0.080295
-0.004450
0.105338
0.083860
-0.039917
-0.000131
-0.090504
-0.044603
0.006577
0.059054
-0.020645
0.093403
-0.007381
-0.065932
0.083915
0.060012
0.005866
-0.008772
-0.010902
0.016184
-0.037010
0.152245
0.000273
0.023578
-0.088136
-0.045926
-0.019617
-0.047024
-0.037974
0.169371
0.120888
-0.103714
-0.059594
0.138089
0.047764
-0.002729
-0.054378
0.000060
-0.027920
-0.101917
-0.028370
0.083289
-0.056973
0.024916
0.055634
0.068884
-0.104404
-0.032011
0.027520
0.044056
-0.004875
-0.011937
-0.116966
-0.069644
0.041223
0.150090
0.074085
0.038940
-0.072614
-0.079877
-0.172882
0.167267
-0.094342
-0.139459
-0.125975
0.002325
0.180097
0.159354
-0.145104
0.035618
-0.016654
-0.001877
0.041004
0.136335
0.048709
-0.026947
0.059331
-0.004738
-0.107432
0.022461
-0.045688
0.066151
0.028863
-0.094053
-0.138694
0.036674
-0.075084
0.048765
-0.029067
0.180621
-0.082788
0.097971
-0.035073
-0.050059
-0.102041
0.036847
-0.023433
-0.057912
-0.002601
0.091437
0.039017
0.097931
-0.044610
-0.049694
0.108299
0.050381
0.138308
-0.042008
0.032231
-0.112989
-0.022611
-0.109921
0.057940
-0.121055
0.063543
-0.004055
0.034319
0.083602
-0.162765
-0.084946
0.030575
0.068271
-0.114162
0.040839
0.043262
0.022756
-0.095313
0.025444
-0.035441
0.015941
-0.093857
-0.027695
0.017241
-0.049596
0.020450
-0.144580
0.073548
0.067399
-0.011541
0.027197
-0.107274
-0.090614
0.062414
-0.038770
0.012455
0.095631
-0.081220
-0.057547
-0.114676
0.085457
0.049722
0.099425
-0.027358
0.006178
0.141681
-0.013086
0.111644
-0.068829
-0.089120
-0.062377
0.067051
-0.079816
0.092077
-0.050939
-0.106060
-0.071855
0.078253
0.095945
-0.032371
-0.106996
0.018276
0.011263
0.068263
-0.057978
0.049428
-0.022834
-0.019954
-0.124790
0.019166
0.007052
0.134221
-0.119688
0.004945
-0.029625
0.172662
0.073743
0.085419
-0.017656
-0.174472
0.049091
-0.004233
0.107241
-0.042624
-0.123908
0.107733
0.078804
0.118881
0.064657
-0.059493
-0.086715
-0.000433
-0.031851
0.098791
-0.082833
-0.032281
0.031750
0.115333
-0.045308
-0.065006
-0.077648
0.118648
-0.069841
-0.107602
-0.112918
-0.130742
0.019466
0.124956
0.153862
0.044046
-0.106987
0.064997
0.129710
0.065875
-0.129255
-0.101256
0.012696
0.063807
-0.115785
0.066816
0.013735
0.007714
0.045791
-0.018028
0.014169
-0.069271
-0.099454
0.026336
0.043037
0.074371
-0.030141
0.019446
0.016738
0.037735
-0.081120
-0.032167
-0.147036
-0.184136
-0.044490
-0.023734
-0.021889
0.126681
0.065006
-0.084804
-0.141848
0.083400
-0.128078
0.025317
0.083771
-0.148072
0.089477
0.088302
-0.167708
0.139685
-0.001383
0.032300
0.072613
0.131845
-0.016569
0.130764
-0.117886
-0.207055
-0.058966
0.028991
-0.092339
0.000718
0.134538
-0.039315
-0.010036
0.008913
0.004520
-0.053320
-0.038242
0.099076
0.119469
0.032851
-0.078757
0.069710
-0.020441
-0.070165
0.034934
0.069883
-0.053906
0.040429
0.091812
0.001511
0.002771
-0.029868
0.028896
0.176583
-0.039064
0.019626
0.055835
-0.050891
-0.100828
-0.055213
0.057888
0.058357
0.117869
-0.045204
-0.020586
-0.087234
0.007321
0.117253
-0.146695
0.153598
-0.010084
-0.088960
0.134242
-0.087036
-0.075558
-0.105601
-0.031802
0.068264
0.246176
-0.017255
-0.068070
-0.104169
-0.116665
0.151311
-0.101055
0.047755
0.107378
-0.071610
0.149956
0.108688
-0.028247
-0.092547
-0.054386
-0.039755
0.111437
0.033619
0.063296
-0.043697
-0.027022
0.010073
0.049091
0.024137
0.066579
0.051950
0.043702
-0.067639
0.012613
-0.060487
-0.070070
0.092477
-0.114165
0.060499
0.035326
0.037659
-0.045978
-0.051943
0.033300
-0.040101
0.071504
-0.104331
0.143826
0.048630
0.082744
0.066645
-0.141570
0.064081
-0.030088
0.017712
-0.026398
0.013525
0.035147
0.093924
0.126300
-0.150080
-0.128475
-0.103450
-0.004645
0.091759
0.109978
-0.047759
0.175644
-0.073986
-0.049089
0.015088
0.166091
-0.087775
0.196980
0.081966
0.007623
-0.106880
-0.148001
-0.133660
0.019331
0.100420
-0.114264
-0.034841
0.059428
0.048875
0.068078
-0.037955
-0.059483
-0.036290
0.147375
-0.079088
0.054679
-0.052715
0.000453
-0.104982
-0.141250
-0.014528
0.126425
0.105304
0.041396
0.020063
-0.046729
-0.081247
0.151611
-0.045105
-0.140555
0.152052
0.072315
0.083219
-0.138806
0.026679
-0.095861
-0.023042
0.087004
-0.031186
0.009074
-0.000565
0.180347
0.052281
0.055859
-0.028329
0.045851
0.003170
0.010066
0.008786
0.093177
0.126437
-0.052916
0.144396
0.035238
0.136685
-0.037593
-0.060205
-0.063874
-0.026705
0.063749
0.084381
-0.067007
-0.085727
0.023934
-0.016831
0.025531
0.085001
-0.125811
-0.175401
0.015372
-0.076963
0.080549
-0.054186
-0.017585
0.028979
0.051815
-0.025276
-0.037955
0.057748
-0.026791
-0.069954
0.124535
-0.009776
-0.152232
0.156364
-0.137823
-0.063881
0.107358
-0.098646
0.054245
0.002713
0.123944
-0.086570
-0.102087
-0.065963
-0.041450
0.119366
0.010352
0.077861
-0.027569
0.003924
-0.094776
-0.048095
0.166849
-0.075782
0.140164
0.130240
-0.071840
0.096496
-0.074815
-0.046449
-0.019810
0.059375
0.059250
-0.116249
0.035218
0.062184
-0.011277
-0.086835
0.023763
0.171818
0.052876
0.060001
0.031966
-0.131169
0.132641
-0.072400
0.021661
0.001171
-0.086969
0.054512
-0.074901
0.063989
-0.078959
0.016250
-0.184944
0.066476
-0.111869
-0.056631
-0.124529
-0.019257
-0.165035
0.148764
0.011145
0.109677
0.029261
-0.050710
-0.049911
-0.086355
-0.018404
0.100443
-0.023168
0.038728
0.051179
-0.022062
-0.006910
-0.143165
0.001538
0.076504
-0.037354
0.032944
0.089132
0.130214
-0.157241
-0.077643
-0.036811
0.042739
0.031765
-0.010008
-0.008768
0.057965
0.014105
-0.073076
0.036806
0.097630
0.061193
-0.045512
-0.047124
0.018354
0.036110
-0.012778
0.052679
-0.036978
0.138220
0.067369
-0.073696
0.084994
0.103017
-0.210770
-0.072721
0.134752
0.118703
0.022211
-0.034679
-0.060484
0.088189
-0.008335
-0.069348
-0.043297
-0.130108
0.039333
0.027007
0.124540
0.148826
-0.105846
-0.126205
-0.201709
0.141725
0.134894
0.088088
0.026581
0.117446
-0.037347
0.076270
0.022646
0.022682
0.062354
0.006522
-0.045867
-0.078649
0.080239
-0.000793
-0.048711
0.107556
0.112334
-0.022616
0.106680
0.023937
-0.064820
-0.010593
0.062094
-0.043190
0.001147
-0.048274
-0.120611
-0.025778
0.051037
0.203872
-0.001221
-0.153428
-0.017205
0.010205
0.026091
-0.036479
-0.056095
-0.022151
-0.142769
-0.147013
-0.116908
-0.000165
0.189279
0.214029
0.015290
-0.080025
0.009006
0.011345
0.067210
-0.023471
-0.117475
-0.084083
-0.008546
0.035391
-0.008035
-0.102784
-0.023320
-0.081560
0.042145
0.022038
0.034952
-0.044907
0.022998
0.078651
0.082351
0.080352
0.119159
-0.160859
-0.135051
0.007259
0.135137
0.125996
0.099643
0.061363
-0.027727
-0.018349
0.097251
0.080961
-0.038265
-0.085442
0.069505
-0.001015
-0.065983
0.070012
0.022326
0.004011
0.034656
-0.010017
-0.078829
-0.049747
0.102378
0.040087
0.090752
0.037226
0.020396
0.110194
-0.069782
-0.189612
-0.076594
-0.103303
-0.001139
-0.093841
0.069693
0.026947
0.056151
-0.029717
-0.030838
-0.156512
-0.035226
0.063209
0.080218
-0.025092
0.051200
0.028779
0.004961
0.065496
-0.012741
0.006757
0.039654
0.045525
-0.067335
-0.017117
-0.063878
0.069265
0.038716
-0.087260
0.021248
0.096646
-0.073416
0.050728
0.053856
0.054686
0.023702
-0.018744
0.232463
0.018293
-0.009515
0.039683
0.070813
-0.036966
-0.128259
-0.024885
0.074120
-0.093563
0.016199
0.089952
-0.146533
0.003966
-0.114861
-0.031225
-0.020133
-0.077495
-0.204738
-0.059816
0.011414
0.104978
0.039911
0.047468
-0.215127
0.049667
0.007854
0.035090
-0.004853
0.104072
0.000801
0.102843
0.028144
-0.029569
-0.065909
-0.015617
-0.002486
-0.002796
0.027357
0.179026
0.117056
0.117908
-0.057083
-0.009431
-0.095307
-0.006420
0.005277
-0.077362
-0.072718
-0.036660
0.058109
0.041521
0.062266
-0.089114
0.136163
0.021328
-0.018266
-0.112097
-0.101693
-0.030346
-0.027812
-0.057514
0.061114
-0.042838
-0.143098
0.059081
0.029638
-0.000207
-0.036831
0.029777
-0.072619
0.170474
-0.051230
0.077931
-0.099081
0.044799
-0.021094
-0.136794
-0.017983
-0.032785
-0.028112
0.078877
0.065371
0.044540
0.055740
-0.010442
-0.050351
-0.029805
-0.082113
0.031818
0.009650
0.022179
-0.019371
-0.059429
0.088052
-0.100361
0.084493
-0.075993
-0.084856
-0.001952
0.024518
0.078204
-0.052561
-0.013379
-0.121621
-0.083348
0.027667
-0.035814
0.023123
-0.108711
-0.049425
-0.016620
-0.004451
0.093388
0.071029
-0.046662
-0.038431
0.100180
-0.156792
0.125315
0.029289
0.054772
0.035332
0.024393
0.081653
-0.071466
0.069931
-0.115112
0.025660
-0.005906
0.088238
0.069289
-0.142876
0.067811
0.008567
-0.087866
0.220664
-0.069613
0.060785
-0.060383
0.072076
0.140293
-0.186826
0.122566
0.062962
0.068487
-0.023566
0.032550
0.037705
-0.115811
-0.061920
-0.092563
0.144035
-0.119274
-0.029923
0.127675
-0.044475
0.095424
0.035763
-0.112772
-0.010254
-0.077827
0.057937
0.071601
0.023329
0.012446
0.047950
-0.060719
-0.053801
-0.012082
0.025290
-0.121899
0.121175
-0.065197
0.012581
0.075781
-0.010999
0.125179
-0.001425
-0.030526
-0.058051
0.006047
0.039591
0.025425
0.098365
0.035733
-0.095596
-0.053291
0.036512
-0.001191
0.100516
-0.112868
-0.092450
-0.151160
0.011533
-0.036906
-0.000828
-0.088702
-0.104244
-0.056708
-0.075107
0.088336
0.075624
-0.102974
-0.108589
0.159605
-0.157614
-0.121856
-0.032961
-0.090140
0.074729
-0.053018
-0.140046
-0.038604
-0.072843
0.007117
0.086555
0.095970
-0.074535
0.057210
0.010204
-0.079787
0.060560
0.010154
-0.012320
0.068253
-0.119877
0.114225
0.018840
0.041059
-0.023260
-0.030917
0.138490
0.079249
0.005859
0.081704
0.072929
0.051470
0.084753
0.108221
0.081411
0.048193
-0.042854
-0.016291
0.074924
-0.131699
0.099323
-0.127199
0.026324
0.006070
0.149451
-0.024381
0.016222
0.017827
-0.044234
0.143607
0.028738
0.022651
0.000908
0.054891
0.010606
-0.076446
-0.007618
0.101770
-0.001174
-0.030755
0.018715
-0.081949
-0.004588
-0.012954
0.107088
0.049143
-0.094155
0.004420
0.101711
-0.095282
0.089138
-0.110960
-0.108517
-0.084002
0.025201
0.099463
0.106914
-0.100326
-0.101033
0.102487
0.074444
0.081835
-0.059019
-0.093250
0.121894
0.094090
-0.001765
-0.088646
-0.110701
-0.059834
0.097826
0.020783
-0.041160
-0.014721
0.097613
0.160322
0.002275
-0.117869
-0.156860
0.018929
0.068586
-0.112433
-0.108508
0.114657
-0.049750
0.151215
0.047462
0.010980
-0.033818
-0.055462
-0.028935
0.134732
0.073050
-0.073226
0.037979
-0.056479
-0.028458
0.100846
0.140712
-0.100396
0.104866
-0.198914
0.019522
0.143230
-0.013297
0.045328
0.109141
-0.078792
0.022662
0.138361
-0.018497
0.063893
0.042398
-0.158505
0.061230
0.052859
-0.013941
0.083210
-0.058698
-0.132015
-0.006680
0.101920
-0.031795
0.108433
-0.109397
-0.028893
-0.091824
0.119466
0.123888
-0.025011
0.042428
-0.064721
0.109052
-0.091445
-0.055184
-0.063460
0.101169
0.084968
0.164102
-0.107307
0.109034
-0.081381
-0.090391
0.113703
0.030629
0.011380
-0.033545
-0.050123
0.005074
0.109136
-0.114446
0.045633
-0.053082
0.157769
0.120772
-0.025195
0.026690
-0.006732
-0.003681
0.087847
-0.112111
-0.024328
-0.100913
0.085410
-0.101832
0.098921
0.119857
-0.104067
-0.051917
-0.006171
0.205586
-0.060873
0.040594
0.000581
-0.036791
0.005269
-0.191422
0.117240
-0.005265
0.013877
0.062331
0.089346
-0.092986
-0.024664
0.010068
0.255456
-0.047455
0.190681
-0.040954
0.026932
-0.036185
0.049566
0.055745
-0.058694
-0.011061
-0.105280
0.100777
-0.084876
0.078862
-0.065543
-0.095346
0.047639
0.005813
-0.139369
-0.063306
-0.084122
0.098358
0.009162
0.129037
-0.035888
0.069852
0.111278
-0.032071
0.004350
-0.108636
-0.115859
-0.143077
-0.011276
0.077337
0.030245
0.056652
0.012341
-0.034117
0.065000
0.193958
0.017087
0.116485
0.033548
0.023604
-0.020646
0.056107
-0.198339
-0.188426
-0.157627
-0.060540
-0.008125
0.136539
0.041735
0.012289
0.028381
-0.052552
-0.031352
0.084062
-0.077692
-0.032012
-0.047349
-0.051514
0.037202
0.096624
-0.091872
-0.035922
-0.028639
-0.053088
0.053449
-0.067880
0.107291
-0.045542
-0.005308
0.107279
-0.115469
0.036036
-0.115710
0.021733
0.049879
-0.024947
0.062639
-0.057475
0.119587
0.067648
-0.035141
-0.002915
-0.121166
0.095618
0.095749
-0.010574
-0.016783
0.045276
-0.080328
0.085384
-0.098666
0.030635
-0.087242
-0.084397
0.172492
-0.074600
-0.059740
0.094348
0.088320
-0.024575
0.146047
-0.122521
0.102591
0.007811
-0.093160
-0.076272
0.028198
0.094729
0.026896
-0.143622
0.108282
0.030810
0.053560
0.033344
0.094053
0.126249
-0.009759
-0.128640
0.008069
-0.066645
0.018738
0.042153
0.049512
0.003468
-0.007674
-0.027797
-0.054755
-0.052959
-0.142984
0.115648
0.103537
-0.041771
-0.006780
0.050988
-0.111437
0.051796
0.061055
-0.016302
0.081529
0.091908
-0.086679
0.065853
0.048239
-0.159630
0.079820
0.057666
-0.012964
0.121363
-0.064329
0.031329
-0.046175
-0.142883
-0.079530
0.075260
-0.049843
0.026872
0.015550
-0.025040
-0.068595
0.092826
-0.070804
-0.147849
0.042501
-0.051119
-0.005504
-0.047224
-0.037376
0.015428
0.181717
-0.069254
0.107840
-0.010732
-0.072422
0.031272
0.051714
0.096916
-0.070787
0.008221
-0.172609
-0.091180
0.065383
0.097542
0.017635
-0.008224
-0.164345
-0.132934
0.084613
0.057448
0.078883
-0.067576
-0.049427
0.060052
0.062050
0.012192
0.034876
0.018606
0.039710
-0.063786
-0.091344
0.092766
-0.065356
-0.040822
0.070124
0.046841
-0.048188
0.094455
-0.084810
0.045160
0.008046
-0.049205
0.017964
0.025394
0.096071
-0.075098
0.174908
-0.061486
-0.058082
0.077354
-0.016149
0.033584
0.097597
-0.072510
-0.051172
0.028482
0.037276
-0.122742
-0.092414
0.084912
-0.078106
-0.166908
0.092356
0.031880
0.081235
0.043347
0.074863
0.098143
-0.020462
0.045697
-0.184365
-0.192261
0.035705
0.045402
0.002770
0.002207
0.003603
0.022141
-0.015977
-0.068478
-0.089811
-0.076636
-0.078979
0.019185
0.125919
-0.011268
0.118687
-0.153590
-0.038345
0.049710
-0.038528
0.022918
0.097640
-0.075075
0.105351
-0.067219
-0.018648
0.049076
-0.064476
0.092722
-0.093877
-0.125526
0.115378
-0.030389
0.161575
-0.155718
-0.087606
-0.087484
-0.022865
0.134904
-0.106148
-0.024314
0.121231
-0.144778
0.095480
0.055837
0.077083
0.041664
-0.021762
-0.086236
-0.129827
-0.011012
0.051229
0.002817
0.026317
-0.001644
-0.106920
-0.060480
0.033643
-0.083193
-0.057065
0.080600
-0.123219
0.111384
0.149472
0.005669
-0.107339
0.028086
-0.007439
-0.001485
0.062441
0.061625
0.009987
-0.019218
0.021386
0.055283
-0.010218
-0.012572
0.105821
0.066147
-0.026593
-0.043817
-0.143954
-0.141522
0.061004
0.023412
0.035404
0.109761
-0.250739
0.073085
-0.075111
-0.054355
-0.059267
0.078678
0.024080
-0.168376
-0.086769
0.133591
0.088463
-0.069308
0.058965
-0.075771
-0.020807
0.157698
-0.106760
0.133344
0.058012
0.032848
-0.021647
0.060957
-0.105245
0.109857
0.030111
0.082091
-0.060148
0.039740
-0.062282
-0.152488
0.184137
-0.007894
-0.039393
-0.060866
-0.040479
-0.075133
0.094710
0.059079
0.072879
0.207841
0.021580
0.024077
-0.076564
0.013583
0.065344
-0.063412
0.020331
-0.087896
0.100016
0.092192
-0.140867
-0.060083
-0.058471
0.026478
-0.092661
0.081833
0.027045
-0.105692
-0.077707
-0.106454
-0.000655
0.055809
0.092745
0.026024
-0.141304
0.153450
0.139829
0.142125
0.100137
0.070933
-0.085079
-0.016563
0.035278
0.021481
-0.037980
0.072178
-0.043784
0.161083
-0.046816
-0.028679
-0.000200
0.027907
0.046382
-0.026975
0.026059
-0.027559
0.061445
0.101727
0.030933
0.099929
-0.048051
-0.055845
0.092743
0.075175
-0.030676
-0.123078
0.119094
-0.024242
-0.099796
-0.030311
-0.030637
-0.048551
0.015342
-0.013589
-0.071310
0.077199
0.106249
-0.077824
0.021849
-0.054932
-0.261499
0.090464
0.013570
0.002105
-0.168966
-0.048348
-0.030597
-0.149575
0.149179
-0.128243
-0.111675
0.089440
-0.013379
-0.173139
0.136416
0.024808
0.134355
0.059092
0.149958
0.103090
-0.118973
-0.014399
-0.095904
-0.084087
0.180627
-0.086545
0.009712
0.082120
-0.085367
-0.058335
0.107376
0.040717
0.118005
0.108592
0.105751
0.003992
-0.023695
0.086260
-0.140644
-0.048580
0.005293
0.101631
0.083110
0.110483
0.036801
-0.131175
-0.078028
-0.005001
0.122437
0.076695
0.029658
0.023171
-0.022128
0.079393
-0.127807
-0.160339
0.041719
0.137246
-0.017418
0.160398
0.053847
-0.050828
0.201227
-0.007149
-0.128204
-0.111883
0.010353
-0.021652
-0.014495
0.053999
0.056358
-0.041399
0.022734
-0.017570
-0.002925
0.104565
0.135456
0.094847
-0.134635
-0.021115
-0.064874
-0.016154
-0.123671
0.065782
0.011689
-0.099040
0.085504
0.014146
0.004214
-0.027377
0.007088
0.019155
0.055907
-0.042738
-0.084782
-0.059917
-0.009137
-0.123253
0.036789
-0.108047
-0.115503
0.080959
0.094290
0.035430
0.093318
-0.000479
0.115629
0.106970
0.034106
0.087040
-0.078498
0.063924
0.010604
-0.010056
-0.002021
-0.035082
0.063886
-0.089633
0.089414
0.078342
-0.012745
0.024719
-0.079948
-0.164724
0.052846
0.144237
0.065038
-0.108803
-0.094420
-0.049620
0.067082
0.071519
0.109677
-0.011667
-0.126260
-0.080862
0.123164
-0.093309
0.009840
-0.060957
0.102455
-0.087516
0.091651
-0.146975
0.090478
0.002449
-0.141628
-0.068437
-0.062769
0.059970
-0.025367
-0.008701
0.021488
0.164522
0.068077
-0.084862
-0.182909
0.024877
-0.095215
-0.058483
-0.000612
0.033719
0.084206
-0.031102
-0.000883
0.019360
0.142998
0.094880
-0.091230
0.000670
-0.003529
0.002883
-0.006337
0.009374
-0.044326
0.001684
0.046674
-0.041064
-0.007579
-0.155410
0.000575
-0.011559
0.086745
-0.079197
0.118441
-0.048863
0.100106
0.130837
0.115824
0.036915
-0.133188
0.044269
0.019684
-0.006307
0.079513
-0.093538
-0.054683
0.041621
-0.223320
0.074908
0.021795
0.050710
-0.116698
-0.221978
0.020782
0.089600
0.070299
0.041525
-0.078766
-0.059327
0.088089
0.088726
-0.007200
-0.044007
0.009749
0.146074
-0.098307
0.141772
0.052825
0.016957
-0.023171
-0.072782
0.145552
0.120044
-0.079412
-0.084623
-0.003318
0.026040
0.011989
0.139230
-0.090268
-0.021786
-0.014934
-0.004896
0.047350
-0.094100
0.058661
0.026858
-0.079220
0.101692
0.028817
0.026011
-0.055308
-0.054796
0.035772
0.081190
0.075159
0.145459
0.121231
-0.085243
0.023562
-0.003942
0.036249
0.010868
0.085721
0.025264
-0.156729
0.044136
-0.072409
-0.050174
-0.079604
-0.028128
0.099143
0.009672
0.017339
0.087693
-0.168934
0.056085
-0.049377
-0.093027
-0.015634
0.113890
-0.046713
-0.093433
-0.012323
0.123250
0.144869
0.021743
-0.024047
0.111941
-0.111806
0.071949
-0.030902
0.002106
-0.061656
0.067083
-0.068994
-0.000837
-0.073536
-0.113406
-0.133763
0.061235
0.104388
0.080922
-0.239037
0.063229
0.152985
0.056162
0.149163
-0.142365
-0.153653
0.139581
-0.012790
0.012298
-0.034269
-0.040688
0.140422
0.128092
-0.013179
0.143202
0.050011
-0.023248
0.008162
-0.126370
0.111435
-0.082286
0.079408
-0.076763
-0.140997
-0.022075
-0.063217
0.176376
-0.048656
-0.086572
0.053697
-0.076504
0.191744
-0.137244
-0.011866
0.015469
-0.044349
-0.011242
0.148737
0.054652
0.026238
-0.030314
-0.095597
0.016697
-0.024950
0.051315
0.100513
0.060305
-0.034472
-0.101409
-0.106885
0.033299
0.080967
0.125493
-0.104522
0.069976
-0.080708
0.001810
0.121937
0.076185
0.059116
0.039586
0.006177
-0.087307
-0.086716
-0.062507
0.100202
0.185232
0.107808
-0.074692
0.111636
0.016729
0.184992
-0.046036
0.042469
0.067278
0.093228
-0.061373
-0.103721
-0.013568
0.051270
0.000264
-0.017168
-0.024294
-0.161774
0.037302
0.025991
-0.172841
0.030509
-0.218380
0.053040
0.055358
0.033677
0.034496
0.089539
0.042033
-0.190371
0.141710
-0.033200
0.090406
-0.146251
0.094294
0.035763
-0.099726
0.076464
0.016746
-0.076416
-0.067251
0.112413
0.098960
-0.080310
-0.158327
-0.080090
0.012464
-0.071135
0.068952
-0.018605
-0.149813
-0.119917
-0.008885
-0.091672
-0.002897
-0.045045
0.034543
-0.061163
0.028165
-0.038904
0.016074
0.090460
0.061803
0.049851
0.014134
-0.035427
-0.206010
-0.028711
-0.107070
-0.047940
-0.064581
-0.061157
-0.060938
0.139409
-0.020630
0.194527
0.036229
-0.070631
-0.044002
-0.089883
-0.052317
-0.060351
-0.011620
-0.041272
-0.036323
0.073729
-0.050180
0.117167
-0.116242
0.078293
-0.153499
-0.117791
-0.020735
0.018827
0.122367
0.090058
0.093977
-0.127294
-0.084083
-0.086716
0.032533
-0.010567
0.059490
-0.085445
0.060328
0.074080
0.127861
0.071666
0.043748
0.144149
-0.088079
0.020178
-0.021239
0.054566
-0.034831
-0.002346
-0.099285
-0.021411
0.081081
0.060982
-0.231245
-0.050440
-0.161487
-0.035851
0.055915
-0.032953
-0.045608
-0.035287
-0.087093
0.073725
0.038335
0.134097
-0.104133
0.099434
-0.029000
0.104160
-0.061852
0.040014
0.010094
0.052673
-0.117780
0.092285
-0.171794
-0.067883
-0.078573
0.078912
-0.093330
-0.045711
-0.071857
0.034688
-0.073332
0.103552
0.081824
-0.034016
0.030136
0.048639
0.079178
0.027075
-0.101841
0.086425
-0.020703
-0.015640
-0.133834
-0.122082
0.117333
0.172570
-0.015620
0.100375
0.101803
-0.065673
0.011119
-0.165203
-0.098032
0.109719
-0.029473
-0.078791
-0.011024
-0.121164
0.006237
0.043625
-0.068756
0.152938
0.019023
-0.017999
0.111914
-0.051526
0.084259
-0.179180
-0.134293
-0.004749
0.114642
-0.027927
0.007018
0.071692
-0.002244
-0.041296
-0.082102
0.032759
-0.083801
0.107196
-0.137056
0.119167
0.012649
0.102893
0.025302
-0.007979
-0.122628
-0.085280
0.033941
-0.038031
-0.077631
-0.046636
0.153191
-0.084950
0.016189
-0.003887
0.073169
-0.125343
0.158193
-0.086165
0.072375
-0.117059
0.035513
-0.072612
0.109367
-0.037132
-0.083337
-0.020902
-0.106341
0.020337
0.056654
-0.022273
0.021171
0.072253
-0.086192
0.061920
0.035922
-0.123984
-0.031279
-0.014235
0.001468
-0.095162
0.015913
0.106255
-0.082565
-0.035075
0.069675
0.025334
0.122216
-0.133725
-0.018550
0.060537
-0.021648
0.033831
-0.139538
-0.076568
0.014204
0.049399
-0.032250
-0.134321
0.060142
-0.098570
-0.083879
0.045104
0.106896
-0.098430
-0.064282
-0.072072
-0.059966
-0.042079
0.121320
0.053459
-0.104879
-0.098007
0.135275
0.081320
-0.008479
0.093841
0.014628
-0.015464
-0.007734
-0.009175
0.180864
-0.018690
-0.076571
-0.026469
0.021851
0.093191
0.030917
-0.060507
-0.124554
0.052659
-0.060026
0.040065
-0.179830
0.012729
0.015151
0.046472
-0.084176
-0.048404
0.034453
-0.165909
0.066097
0.134281
0.095479
0.019600
0.019393
0.002860
0.020462
-0.081115
0.117150
0.038485
-0.002555
0.047891
0.035335
-0.057543
-0.158492
0.030301
-0.113828
0.074152
-0.085506
-0.066650
0.056102
-0.086974
-0.030052
-0.087171
-0.118463
0.065699
0.064353
0.039718
0.028144
0.028144
-0.108538
-0.107891
0.124110
0.035201
